refer to 
https://clasweb.jlab.org/wiki/images/3/3d/Calib_status_04_26.pdf

run# #files
                 13 run with dst
6215 1129
6240 1334 
6289 1901
6310 2587
6333 2438 
6380 2183 
6433 2599
6467 2273
6501 2551
6524 2382
6559 1501
6571 1548
6595 1571
   26200 files

                  new calib runs
6164 908
6233 1101
6328 2606
6420 2253
6489 2215
6515 2322
    11405 files
    
                  old calib runs    
6164 908
6193 704
6233 1101
6288 1327
6489 2215
    6255 files

		  35nA 10.6 GeV 
6233 1101
    
		  15nA 10.6 GeV 
6227 259
    
		  5nA 10.6 GeV 
6226 119
6322 7
6323 57
6371 49
6373 31
6374 40
		  5nA 10.2 GeV
6446 8
6447 80
6448 76
