006156
006157
006164
006167
006168
006169
006170
006189
006190
006191
006193
006194
006197
006198
006199
006200
006201
006202
006204
006206
006208
006209
006210
006214
006215
006216
006218
006219
006220
006221
006222
006223
006224
006225
006226
006227
006233
006235
006236
006237
006239
006240
006241
006242
006243
006244
006245
006247
006248
006249
006250
006251
006252
006253
006254
006255
006256
006257
006258
006259
006260
006262
006263
006265
006266
006285
006286
006287
006288
006289
006296
006298
006299
006302
006303
006305
006307
006308
006310
006311
006313
006321
006322
006323
006326
006327
006328
006329
006330
006331
006333
006334
006335
006336
006337
006338
006339
006340
006341
006342
006346
006347
006348
006349
006350
006351
006352
006353
006354
006356
006357
006359
006361
006362
006363
006366
006367
006368
006369
006370
006371
006373
006374
006377
006378
006379
006380
006381
006382
006383
006384
006385
006386
006389
006396
006399
006420
006421
006422
006426
006428
006429
006430
006431
006432
006433
006437
006442
006443
006444
006445
006446
006447
006448
006449
006450
006451
006452
006453
006454
006455
006456
006457
006458
006459
006460
006461
006462
006463
006464
006465
006466
006467
006468
006470
006471
006472
006473
006474
006475
006476
006479
006481
006482
006483
006484
006485
006486
006488
006489
006491
006492
006498
006499
006501
006502
006510
006511
006512
006513
006514
006515
006516
006522
006523
006524
006525
006546
006547
006548
006549
006550
006551
006557
006558
006559
006560
006561
006562
006563
006565
006566
006567
006568
006569
006570
006571
006572
006573
006576
006577
006578
006581
006582
006585
006586
006587
006589
006590
006591
006592
006593
006595
006596
006597
006598
006599
006601
006603
