011093
011094
011095
011096
011097
011098
011099
011100
011101
011102
011103
011107
011108
011109
011110
011111
011113
011114
011117
011119
011120
011121
011122
011124
011125
011126
011127
011128
011129
011131
011132
011143
011156
011158
011159
011160
011162
011165
011171
011174
011175
011176
011178
011179
011180
011182
011183
011189
011190
011193
011194
011195
011197
011198
011199
011200
011201
011202
011203
011206
011207
011210
011211
011212
011213
011214
011215
011218
011220
011221
011222
011223
011225
011226
011230
011231
011232
011233
011234
011235
011238
011239
011241
011243
011244
011247
011248
011250
011251
011252
011253
011254
011256
011257
011258
011265
011266
011268
011269
011270
011272
011273
011274
011276
011277
011279
011282
011283
011286
011287
011288
011289
011290
011291
011292
011293
011294
011295
011296
011297
011298
011299
011300