011324
011325
011326
011327
011328
011329
011330
011336
011338
011339
011340
011341
011342
011345
011347
011348
011352
011354
011356
011357
011358
011361
011362
011363
011364
011365
011366
011367
011368
011370
011372
011373
011374
011375
011376
011378
011379
011381
011383
011386
011387
011389
011390
011394
011395
011396
011397
011398
011399
011400
011401
011402
011403
011404
011412
011413
011414
011415
011416
011417
011418
011419
011420
011421
011422
011423
011429
011430
011432
011433
011434
011435
011436
011437
011438
011439
011440
011441
011442
011443
011444
011445
011446
011447
011449
011450
011458
011460
011462
011463
011465
011466
011467
011468
011469
011470
011471
011472
011473
011474
011475
011476
011477
011479
011480
011481
011483
011484
011485
011486
011487
011490
011491
011492
011493
011494
011495
011496
011497
011498
011499
011501
011502
011504
011505
011506
011507
011509
011510
011511
011512
011513
011514
011515
011516
011517
011518
011519
011521
011522
011524
011525
011528
011529
011530
011531
011532
011533
011534
011535
011536
011538
011539
011540
011541
011544
011545
011546
011548
011550
011553
011554
011556
011557
011560
011561
011562
011563
011564
011565
011566
011567
011568
011569
011570
011571